payouts<-c("A"=1000,"B"=2000,"C"=10000,"D"=40000)
payouts["A"]
