gross<-c(500,320,410,125,789,356)
hp.mat<-matrix(gross,nrow = 6,byrow = TRUE)
hp.mat
hp.mat[4,1]
