x<-10:0
x
y<-29:19
x+y
x-y
