vec<-c(10,-1,-5,9,12,-2,5)
vec[vec<0]
